Virgo A Observation:
Column 1: Frequency (Hz) - Trace 1 (on target)
Column 2: Amplitude (dBm) - Trace 1 (on target)
Column 3: Frequency (Hz) - Trace 2 (off target)
Column 4: Amplitude (dBm) - Trace 2 (off target)
Trace1				Trace2			
Freq		Amp		Freq		Amp	
21900000		-84.35	 	21900000		-85.5	 
21900333		-84.5	 	21900333		-85.82	 
21900666		-84.97	 	21900666		-86.14	 
21900999		-85.16	 	21900999		-85.93	 
21901332		-84.93	 	21901332		-85.48	 
21901665		-84.51	 	21901665		-85.17	 
21901998		-84.35	 	21901998		-85.03	 
21902331		-84.48	 	21902331		-85.35	 
21902664		-84.75	 	21902664		-85.78	 
21902997		-85.46	 	21902997		-85.84	 
21903330		-85.98	 	21903330		-85.78	 
21903663		-85.62	 	21903663		-85.75	 
21903996		-85.17	 	21903996		-85.5	 
21904329		-85.24	 	21904329		-85.32	 
21904662		-85.26	 	21904662		-85.28	 
21904995		-85.13	 	21904995		-85.19	 
21905328		-85.05	 	21905328		-84.92	 
21905661		-85.08	 	21905661		-84.49	 
21905994		-84.92	 	21905994		-84.27	 
21906327		-84.96	 	21906327		-84.57	 
21906660		-85.21	 	21906660		-84.76	 
21906993		-85.49	 	21906993		-84.66	 
21907326		-85.51	 	21907326		-84.74	 
21907659		-85.56	 	21907659		-85.2	 
21907992		-85.57	 	21907992		-85.41	 
21908325		-85.19	 	21908325		-85.33	 
21908658		-84.95	 	21908658		-85.4	 
21908991		-85.03	 	21908991		-85.78	 
21909324		-85.48	 	21909324		-86.02	 
21909657		-85.71	 	21909657		-86	 
21909990		-85.23	 	21909990		-85.8	 
21910323		-84.91	 	21910323		-85.37	 
21910656		-84.77	 	21910656		-85.06	 
21910989		-84.86	 	21910989		-85.05	 
21911322		-85.12	 	21911322		-85.3	 
21911655		-85.19	 	21911655		-85.19	 
21911988		-85.12	 	21911988		-85.11	 
21912321		-85.2	 	21912321		-85.11	 
21912654		-85.16	 	21912654		-85.13	 
21912987		-84.94	 	21912987		-85.01	 
21913320		-84.77	 	21913320		-85.14	 
21913653		-84.79	 	21913653		-85.33	 
21913986		-84.71	 	21913986		-85.18	 
21914319		-84.59	 	21914319		-84.96	 
21914652		-84.79	 	21914652		-84.99	 
21914985		-85	 	21914985		-84.85	 
21915318		-85.09	 	21915318		-85.12	 
21915651		-85.13	 	21915651		-85.39	 
21915984		-85.56	 	21915984		-85.3	 
21916317		-86.14	 	21916317		-85.15	 
21916650		-85.75	 	21916650		-85.41	 
21916983		-84.94	 	21916983		-85.41	 
21917316		-83.97	 	21917316		-85.08	 
21917649		-83.08	 	21917649		-84.85	 
21917982		-82.46	 	21917982		-84.59	 
21918315		-82.53	 	21918315		-84.45	 
21918648		-82.92	 	21918648		-84.48	 
21918981		-83.77	 	21918981		-84.21	 
21919314		-84.64	 	21919314		-84.16	 
21919647		-84.85	 	21919647		-84.39	 
21919980		-85.21	 	21919980		-84.9	 
21920313		-85.85	 	21920313		-85.58	 
21920646		-86.05	 	21920646		-86.07	 
21920979		-85.71	 	21920979		-86.24	 
21921312		-85.28	 	21921312		-86.16	 
21921645		-84.6	 	21921645		-85.94	 
21921978		-83.92	 	21921978		-85.7	 
21922311		-83.74	 	21922311		-85.43	 
21922644		-83.66	 	21922644		-85.06	 
21922977		-84.12	 	21922977		-85.1	 
21923310		-84.67	 	21923310		-85.72	 
21923643		-85.33	 	21923643		-86.01	 
21923976		-85.34	 	21923976		-85.93	 
21924309		-85.25	 	21924309		-85.74	 
21924642		-85.32	 	21924642		-85.49	 
21924975		-85.28	 	21924975		-85.27	 
21925308		-85.29	 	21925308		-85.18	 
21925641		-85.21	 	21925641		-85.26	 
21925974		-85.25	 	21925974		-85.21	 
21926307		-85.41	 	21926307		-85.36	 
21926640		-85.34	 	21926640		-85.48	 
21926973		-85.18	 	21926973		-85.52	 
21927306		-85.16	 	21927306		-85.41	 
21927639		-85.23	 	21927639		-85.35	 
21927972		-85.36	 	21927972		-85.7	 
21928305		-85.29	 	21928305		-85.74	 
21928638		-85.31	 	21928638		-85.38	 
21928971		-85.32	 	21928971		-85	 
21929304		-85.59	 	21929304		-84.87	 
21929637		-85.77	 	21929637		-84.76	 
21929970		-85.72	 	21929970		-84.93	 
21930303		-85.5	 	21930303		-85.31	 
21930636		-85.15	 	21930636		-85.73	 
21930969		-84.92	 	21930969		-85.94	 
21931302		-84.87	 	21931302		-86.12	 
21931635		-84.97	 	21931635		-86.13	 
21931968		-85.17	 	21931968		-86.16	 
21932301		-85.25	 	21932301		-86.24	 
21932634		-85.19	 	21932634		-86.07	 
21932967		-85.45	 	21932967		-85.97	 
21933300		-85.57	 	21933300		-85.92	 
21933633		-85.33	 	21933633		-85.78	 
21933966		-84.92	 	21933966		-85.08	 
21934299		-84.97	 	21934299		-84.74	 
21934632		-85.16	 	21934632		-85.01	 
21934965		-85.12	 	21934965		-85.05	 
21935298		-84.93	 	21935298		-84.93	 
21935631		-84.77	 	21935631		-84.92	 
21935964		-84.77	 	21935964		-85.01	 
21936297		-84.56	 	21936297		-85.15	 
21936630		-84.24	 	21936630		-85.27	 
21936963		-84.1	 	21936963		-85.22	 
21937296		-84.6	 	21937296		-84.91	 
21937629		-85.25	 	21937629		-84.94	 
21937962		-85.29	 	21937962		-85.66	 
21938295		-85.24	 	21938295		-86.14	 
21938628		-85.26	 	21938628		-85.85	 
21938961		-85.33	 	21938961		-85.59	 
21939294		-85.53	 	21939294		-85.73	 
21939627		-85.39	 	21939627		-85.61	 
21939960		-84.88	 	21939960		-85.24	 
21940293		-84.55	 	21940293		-85.03	 
21940626		-84.69	 	21940626		-84.95	 
21940959		-85.35	 	21940959		-84.95	 
21941292		-85.91	 	21941292		-85.09	 
21941625		-86.07	 	21941625		-85.3	 
21941958		-86.09	 	21941958		-85.7	 
21942291		-85.92	 	21942291		-85.88	 
21942624		-85.68	 	21942624		-85.78	 
21942957		-85.35	 	21942957		-85.63	 
21943290		-85.16	 	21943290		-85.92	 
21943623		-85.07	 	21943623		-86.1	 
21943956		-84.93	 	21943956		-86.03	 
21944289		-85.14	 	21944289		-85.78	 
21944622		-85.15	 	21944622		-85.32	 
21944955		-85.06	 	21944955		-85.14	 
21945288		-84.93	 	21945288		-85.44	 
21945621		-84.97	 	21945621		-85.61	 
21945954		-85.05	 	21945954		-85.76	 
21946287		-85.26	 	21946287		-85.83	 
21946620		-85.35	 	21946620		-85.5	 
21946953		-85.18	 	21946953		-85.07	 
21947286		-85.23	 	21947286		-85.13	 
21947619		-85.26	 	21947619		-85.41	 
21947952		-85.5	 	21947952		-85.73	 
21948285		-85.66	 	21948285		-86	 
21948618		-85.59	 	21948618		-86.23	 
21948951		-85.15	 	21948951		-86.03	 
21949284		-85.12	 	21949284		-85.44	 
21949617		-85.21	 	21949617		-85.19	 
21949950		-84.93	 	21949950		-85.5	 
21950283		-84.6	 	21950283		-85.87	 
21950616		-84.91	 	21950616		-86.21	 
21950949		-85.41	 	21950949		-86.04	 
21951282		-85.54	 	21951282		-85.8	 
21951615		-85.34	 	21951615		-85.71	 
21951948		-84.74	 	21951948		-86.02	 
21952281		-84.19	 	21952281		-86.16	 
21952614		-84.25	 	21952614		-85.86	 
21952947		-84.61	 	21952947		-85.44	 
21953280		-84.75	 	21953280		-85.72	 
21953613		-84.91	 	21953613		-85.94	 
21953946		-84.89	 	21953946		-85.89	 
21954279		-85.01	 	21954279		-85.61	 
21954612		-84.88	 	21954612		-85.5	 
21954945		-84.85	 	21954945		-85.54	 
21955278		-84.82	 	21955278		-85.58	 
21955611		-84.71	 	21955611		-85.63	 
21955944		-84.61	 	21955944		-85.6	 
21956277		-84.79	 	21956277		-85.24	 
21956610		-85.05	 	21956610		-84.9	 
21956943		-85.28	 	21956943		-84.8	 
21957276		-85.54	 	21957276		-84.83	 
21957609		-85.68	 	21957609		-84.78	 
21957942		-85.69	 	21957942		-84.62	 
21958275		-85.71	 	21958275		-84.59	 
21958608		-85.52	 	21958608		-84.63	 
21958941		-84.93	 	21958941		-84.69	 
21959274		-84.7	 	21959274		-84.87	 
21959607		-84.63	 	21959607		-85.22	 
21959940		-84.88	 	21959940		-85.42	 
21960273		-85.53	 	21960273		-85.62	 
21960606		-85.91	 	21960606		-85.71	 
21960939		-85.89	 	21960939		-85.71	 
21961272		-85.49	 	21961272		-85.87	 
21961605		-85.15	 	21961605		-85.34	 
21961938		-84.95	 	21961938		-84.9	 
21962271		-85.32	 	21962271		-85.14	 
21962604		-85.26	 	21962604		-85.52	 
21962937		-84.62	 	21962937		-85.51	 
21963270		-84.91	 	21963270		-85.26	 
21963603		-85.66	 	21963603		-85.02	 
21963936		-86.1	 	21963936		-84.73	 
21964269		-85.67	 	21964269		-84.97	 
21964602		-85.19	 	21964602		-85.21	 
21964935		-85.31	 	21964935		-85.28	 
21965268		-85.31	 	21965268		-85.28	 
21965601		-84.94	 	21965601		-85.51	 
21965934		-84.45	 	21965934		-85.72	 
21966267		-84.41	 	21966267		-85.61	 
21966600		-84.5	 	21966600		-85.52	 
21966933		-84.26	 	21966933		-85.48	 
21967266		-84.3	 	21967266		-85.49	 
21967599		-84.78	 	21967599		-85.35	 
21967932		-85.25	 	21967932		-85.19	 
21968265		-85.32	 	21968265		-85.23	 
21968598		-85.39	 	21968598		-85.09	 
21968931		-85.87	 	21968931		-85.21	 
21969264		-86.24	 	21969264		-85.36	 
21969597		-85.92	 	21969597		-85.34	 
21969930		-84.93	 	21969930		-85.19	 
21970263		-84.59	 	21970263		-85.41	 
21970596		-84.74	 	21970596		-85.5	 
21970929		-84.8	 	21970929		-85.42	 
21971262		-84.93	 	21971262		-85.38	 
21971595		-85.06	 	21971595		-85.1	 
21971928		-85.3	 	21971928		-84.77	 
21972261		-85.93	 	21972261		-84.57	 
21972594		-85.86	 	21972594		-84.68	 
21972927		-85.48	 	21972927		-85.22	 
21973260		-85.28	 	21973260		-85.9	 
21973593		-85.25	 	21973593		-86.19	 
21973926		-85.16	 	21973926		-86.24	 
21974259		-85.15	 	21974259		-86.17	 
21974592		-85.4	 	21974592		-85.79	 
21974925		-85.62	 	21974925		-85.51	 
21975258		-85.28	 	21975258		-85.61	 
21975591		-85.03	 	21975591		-85.75	 
21975924		-85.04	 	21975924		-85.73	 
21976257		-85.08	 	21976257		-85.74	 
21976590		-84.92	 	21976590		-85.85	 
21976923		-84.98	 	21976923		-85.71	 
21977256		-85.26	 	21977256		-85.78	 
21977589		-85.16	 	21977589		-85.75	 
21977922		-84.83	 	21977922		-85.82	 
21978255		-84.76	 	21978255		-85.97	 
21978588		-84.79	 	21978588		-86.04	 
21978921		-84.83	 	21978921		-85.87	 
21979254		-85.07	 	21979254		-85.63	 
21979587		-85.36	 	21979587		-85.24	 
21979920		-85.5	 	21979920		-85.07	 
21980253		-85.55	 	21980253		-85.25	 
21980586		-85.49	 	21980586		-85.32	 
21980919		-85.61	 	21980919		-85.22	 
21981252		-85.41	 	21981252		-85.23	 
21981585		-85.22	 	21981585		-85.2	 
21981918		-84.97	 	21981918		-85.13	 
21982251		-85.07	 	21982251		-85.35	 
21982584		-85.37	 	21982584		-85.47	 
21982917		-85.56	 	21982917		-85.27	 
21983250		-85.44	 	21983250		-85.1	 
21983583		-85.05	 	21983583		-84.87	 
21983916		-84.63	 	21983916		-84.83	 
21984249		-84.56	 	21984249		-85.22	 
21984582		-84.73	 	21984582		-85.45	 
21984915		-84.66	 	21984915		-85.23	 
21985248		-84.91	 	21985248		-84.95	 
21985581		-85.24	 	21985581		-84.75	 
21985914		-85.41	 	21985914		-84.88	 
21986247		-84.94	 	21986247		-84.79	 
21986580		-82.71	 	21986580		-83	 
21986913		-77.8	 	21986913		-78.56	 
21987246		-73.13	 	21987246		-73.86	 
21987579		-70.2	 	21987579		-70.73	 
21987912		-68.65	 	21987912		-68.86	 
21988245		-69.03	 	21988245		-68.85	 
21988578		-70.96	 	21988578		-70.36	 
21988911		-74.66	 	21988911		-73.87	 
21989244		-79.34	 	21989244		-79.07	 
21989577		-82.61	 	21989577		-83.17	 
21989910		-84.35	 	21989910		-85.08	 
21990243		-84.65	 	21990243		-85.42	 
21990576		-84.58	 	21990576		-85.91	 
21990909		-84.61	 	21990909		-86.18	 
21991242		-85.18	 	21991242		-86.19	 
21991575		-85.96	 	21991575		-85.88	 
21991908		-86.3	 	21991908		-85.71	 
21992241		-85.71	 	21992241		-85.78	 
21992574		-84.77	 	21992574		-85.81	 
21992907		-84.38	 	21992907		-85.57	 
21993240		-84.95	 	21993240		-85.31	 
21993573		-85.66	 	21993573		-85.19	 
21993906		-85.65	 	21993906		-85.23	 
21994239		-85.52	 	21994239		-85.16	 
21994572		-85.65	 	21994572		-85.03	 
21994905		-85.55	 	21994905		-85.05	 
21995238		-85.38	 	21995238		-84.92	 
21995571		-85.17	 	21995571		-84.6	 
21995904		-85.06	 	21995904		-84.61	 
21996237		-85.18	 	21996237		-85.07	 
21996570		-85.37	 	21996570		-85.52	 
21996903		-85.21	 	21996903		-85.74	 
21997236		-84.92	 	21997236		-85.64	 
21997569		-84.78	 	21997569		-85.36	 
21997902		-84.72	 	21997902		-85.13	 
21998235		-85.13	 	21998235		-85.21	 
21998568		-85.62	 	21998568		-85.33	 
21998901		-85	 	21998901		-85.19	 
21999234		-84.15	 	21999234		-84.97	 
21999567		-83.95	 	21999567		-84.84	 
21999900		-84.15	 	21999900		-84.83	 
22000233		-84.66	 	22000233		-85.27	 
22000566		-85.25	 	22000566		-85.36	 
22000899		-85.63	 	22000899		-85.39	 
22001232		-85.76	 	22001232		-85.22	 
22001565		-85.68	 	22001565		-85.11	 
22001898		-85.19	 	22001898		-84.97	 
22002231		-84.69	 	22002231		-85.1	 
22002564		-84.43	 	22002564		-85.35	 
22002897		-84.7	 	22002897		-85.48	 
22003230		-85.24	 	22003230		-85.37	 
22003563		-85.33	 	22003563		-85.3	 
22003896		-85.24	 	22003896		-85.44	 
22004229		-85.12	 	22004229		-85.85	 
22004562		-84.79	 	22004562		-86.1	 
22004895		-84.29	 	22004895		-85.92	 
22005228		-84.42	 	22005228		-85.67	 
22005561		-84.83	 	22005561		-85.6	 
22005894		-84.88	 	22005894		-85.74	 
22006227		-84.86	 	22006227		-85.6	 
22006560		-85.11	 	22006560		-85.57	 
22006893		-85.53	 	22006893		-85.61	 
22007226		-85.58	 	22007226		-85.41	 
22007559		-85.31	 	22007559		-85.4	 
22007892		-84.89	 	22007892		-85.53	 
22008225		-84.82	 	22008225		-85.46	 
22008558		-85	 	22008558		-85.44	 
22008891		-84.87	 	22008891		-85.42	 
22009224		-84.77	 	22009224		-85.14	 
22009557		-84.75	 	22009557		-84.82	 
22009890		-85.06	 	22009890		-84.54	 
22010223		-85.09	 	22010223		-84.46	 
22010556		-84.41	 	22010556		-84.04	 
22010889		-83.9	 	22010889		-83.19	 
22011222		-84.66	 	22011222		-82.9	 
22011555		-85.49	 	22011555		-83.26	 
22011888		-85.61	 	22011888		-84.02	 
22012221		-85.48	 	22012221		-84.94	 
22012554		-85.22	 	22012554		-85.24	 
22012887		-85.03	 	22012887		-85.13	 
22013220		-84.86	 	22013220		-85.01	 
22013553		-85.01	 	22013553		-85.31	 
22013886		-85.12	 	22013886		-85.48	 
22014219		-85.5	 	22014219		-85.63	 
22014552		-85.55	 	22014552		-85.65	 
22014885		-85.4	 	22014885		-85.64	 
22015218		-85.27	 	22015218		-85.87	 
22015551		-85.04	 	22015551		-86.05	 
22015884		-84.69	 	22015884		-85.82	 
22016217		-84.34	 	22016217		-85.57	 
22016550		-84.18	 	22016550		-85.38	 
22016883		-84.41	 	22016883		-84.88	 
22017216		-84.87	 	22017216		-83.41	 
22017549		-84.7	 	22017549		-81.47	 
22017882		-83.85	 	22017882		-79.67	 
22018215		-83.38	 	22018215		-78.99	 
22018548		-83.5	 	22018548		-79.61	 
22018881		-84.11	 	22018881		-81.56	 
22019214		-84.37	 	22019214		-84	 
22019547		-84.17	 	22019547		-85.26	 
22019880		-84.3	 	22019880		-85.6	 
22020213		-84.85	 	22020213		-85.52	 
22020546		-85.2	 	22020546		-85.22	 
22020879		-85.2	 	22020879		-85.26	 
22021212		-85.53	 	22021212		-85.62	 
22021545		-85.93	 	22021545		-85.58	 
22021878		-85.96	 	22021878		-85.38	 
22022211		-85.71	 	22022211		-85.5	 
22022544		-85.45	 	22022544		-85.56	 
22022877		-85.03	 	22022877		-85.65	 
22023210		-85.13	 	22023210		-85.92	 
22023543		-85.51	 	22023543		-85.99	 
22023876		-86.02	 	22023876		-85.52	 
22024209		-85.78	 	22024209		-84.9	 
22024542		-85.26	 	22024542		-84.56	 
22024875		-84.88	 	22024875		-84.61	 
22025208		-85.19	 	22025208		-84.97	 
22025541		-85.67	 	22025541		-85.19	 
22025874		-85.72	 	22025874		-85.18	 
22026207		-85.58	 	22026207		-85.4	 
22026540		-85.61	 	22026540		-85.53	 
22026873		-85.79	 	22026873		-85.2	 
22027206		-85.6	 	22027206		-84.86	 
22027539		-85.4	 	22027539		-84.96	 
22027872		-85.06	 	22027872		-85.48	 
22028205		-85.12	 	22028205		-85.93	 
22028538		-85.22	 	22028538		-85.87	 
22028871		-85.3	 	22028871		-85.23	 
22029204		-85.38	 	22029204		-84.96	 
22029537		-85.54	 	22029537		-84.97	 
22029870		-85.98	 	22029870		-85.09	 
22030203		-86.06	 	22030203		-85.35	 
22030536		-85.68	 	22030536		-85.64	 
22030869		-85.37	 	22030869		-85.72	 
22031202		-85.31	 	22031202		-85.56	 
22031535		-85.02	 	22031535		-84.93	 
22031868		-84.91	 	22031868		-84.38	 
22032201		-85.32	 	22032201		-84.53	 
22032534		-85.55	 	22032534		-84.99	 
22032867		-85.45	 	22032867		-85.23	 
22033200		-85.39	 	22033200		-85.46	 
22033533		-85.49	 	22033533		-85.54	 
22033866		-85.47	 	22033866		-85.35	 
22034199		-85.19	 	22034199		-85.34	 
22034532		-84.7	 	22034532		-85.4	 
22034865		-84.28	 	22034865		-85.3	 
22035198		-84.26	 	22035198		-85.34	 
22035531		-84.2	 	22035531		-85.29	 
22035864		-84.32	 	22035864		-84.98	 
22036197		-84.51	 	22036197		-84.72	 
22036530		-84.76	 	22036530		-84.96	 
22036863		-85.22	 	22036863		-85.51	 
22037196		-85.61	 	22037196		-85.87	 
22037529		-85.68	 	22037529		-85.74	 
22037862		-85.34	 	22037862		-85.62	 
22038195		-84.9	 	22038195		-85.61	 
22038528		-84.83	 	22038528		-85.87	 
22038861		-85.16	 	22038861		-85.81	 
22039194		-85.48	 	22039194		-85.06	 
22039527		-85.12	 	22039527		-84.46	 
22039860		-84.83	 	22039860		-84.45	 
22040193		-85.14	 	22040193		-85.03	 
22040526		-85.6	 	22040526		-85.41	 
22040859		-85.51	 	22040859		-85.4	 
22041192		-85.1	 	22041192		-85.47	 
22041525		-85	 	22041525		-85.9	 
22041858		-85.15	 	22041858		-86.23	 
22042191		-85.49	 	22042191		-86.06	 
22042524		-85.41	 	22042524		-85.8	 
22042857		-85.07	 	22042857		-85.6	 
22043190		-84.83	 	22043190		-85.54	 
22043523		-85.1	 	22043523		-85.43	 
22043856		-85.69	 	22043856		-84.79	 
22044189		-85.91	 	22044189		-84.32	 
22044522		-85.55	 	22044522		-84.32	 
22044855		-84.99	 	22044855		-84.38	 
22045188		-85.04	 	22045188		-84.58	 
22045521		-85.38	 	22045521		-85.09	 
22045854		-85.64	 	22045854		-85.61	 
22046187		-85.46	 	22046187		-85.61	 
22046520		-85.4	 	22046520		-85.28	 
22046853		-85.36	 	22046853		-85.01	 
22047186		-85.29	 	22047186		-84.82	 
22047519		-84.77	 	22047519		-84.57	 
22047852		-84.19	 	22047852		-84.59	 
22048185		-83.94	 	22048185		-84.87	 
22048518		-84.19	 	22048518		-85	 
22048851		-84.52	 	22048851		-84.93	 
22049184		-84.77	 	22049184		-84.92	 
22049517		-84.75	 	22049517		-84.93	 
22049850		-84.4	 	22049850		-85.09	 
22050183		-84.51	 	22050183		-85.43	 
22050516		-84.81	 	22050516		-85.65	 
22050849		-85.09	 	22050849		-85.75	 
22051182		-85.02	 	22051182		-85.39	 
22051515		-84.8	 	22051515		-84.87	 
22051848		-84.85	 	22051848		-84.54	 
22052181		-84.68	 	22052181		-84.74	 
22052514		-84.24	 	22052514		-84.95	 
22052847		-84.1	 	22052847		-85.32	 
22053180		-84.67	 	22053180		-85.78	 
22053513		-85.27	 	22053513		-85.84	 
22053846		-85.71	 	22053846		-85.89	 
22054179		-85.66	 	22054179		-86.04	 
22054512		-85.4	 	22054512		-85.78	 
22054845		-85.07	 	22054845		-85.35	 
22055178		-84.87	 	22055178		-85.22	 
22055511		-84.71	 	22055511		-85.39	 
22055844		-84.91	 	22055844		-85.39	 
22056177		-85.32	 	22056177		-85.15	 
22056510		-85.26	 	22056510		-85.26	 
22056843		-84.82	 	22056843		-85.76	 
22057176		-84.79	 	22057176		-85.67	 
22057509		-85.01	 	22057509		-85.27	 
22057842		-85.26	 	22057842		-85.14	 
22058175		-85.55	 	22058175		-85.59	 
22058508		-85.82	 	22058508		-85.87	 
22058841		-85.9	 	22058841		-85.98	 
22059174		-85.53	 	22059174		-86.05	 
22059507		-85.06	 	22059507		-85.83	 
22059840		-84.79	 	22059840		-85.33	 
22060173		-84.93	 	22060173		-85.03	 
22060506		-85.2	 	22060506		-85.05	 
22060839		-85.34	 	22060839		-85.07	 
22061172		-85.7	 	22061172		-85.27	 
22061505		-85.86	 	22061505		-85.5	 
22061838		-85.74	 	22061838		-85.64	 
22062171		-85.36	 	22062171		-85.68	 
22062504		-84.86	 	22062504		-85.57	 
22062837		-84.76	 	22062837		-85.42	 
22063170		-85.14	 	22063170		-85.39	 
22063503		-85.42	 	22063503		-85.5	 
22063836		-85.24	 	22063836		-85.45	 
22064169		-84.86	 	22064169		-85.06	 
22064502		-84.5	 	22064502		-84.74	 
22064835		-84.32	 	22064835		-84.38	 
22065168		-84.34	 	22065168		-84.31	 
22065501		-84.54	 	22065501		-84.28	 
22065834		-84.83	 	22065834		-84.24	 
22066167		-85.09	 	22066167		-84.25	 
22066500		-85.1	 	22066500		-84.47	 
22066833		-84.69	 	22066833		-84.96	 
22067166		-84.16	 	22067166		-85.57	 
22067499		-84.15	 	22067499		-86.16	 
22067832		-84.46	 	22067832		-86.25	 
22068165		-84.72	 	22068165		-85.84	 
22068498		-84.83	 	22068498		-85.08	 
22068831		-84.99	 	22068831		-84.1	 
22069164		-84.89	 	22069164		-84.17	 
22069497		-85	 	22069497		-84.48	 
22069830		-85.07	 	22069830		-84.82	 
22070163		-85.03	 	22070163		-85.17	 
22070496		-84.95	 	22070496		-85.02	 
22070829		-84.59	 	22070829		-84.68	 
22071162		-84.38	 	22071162		-84.69	 
22071495		-84.7	 	22071495		-84.98	 
22071828		-84.78	 	22071828		-85.1	 
22072161		-85.12	 	22072161		-85.22	 
22072494		-85.54	 	22072494		-85.63	 
22072827		-85.78	 	22072827		-85.96	 
22073160		-85.62	 	22073160		-85.9	 
22073493		-85.38	 	22073493		-85.89	 
22073826		-85.44	 	22073826		-86.16	 
22074159		-85.64	 	22074159		-85.93	 
22074492		-85.59	 	22074492		-85.28	 
22074825		-85.24	 	22074825		-85.11	 
22075158		-84.97	 	22075158		-85.52	 
22075491		-84.72	 	22075491		-85.6	 
22075824		-84.78	 	22075824		-85.44	 
22076157		-85.11	 	22076157		-85.08	 
22076490		-85.31	 	22076490		-85.17	 
22076823		-85.24	 	22076823		-85.44	 
22077156		-84.96	 	22077156		-85.44	 
22077489		-84.93	 	22077489		-85.16	 
22077822		-85.02	 	22077822		-85.12	 
22078155		-85.25	 	22078155		-85.51	 
22078488		-85.51	 	22078488		-85.87	 
22078821		-85.43	 	22078821		-85.83	 
22079154		-85.59	 	22079154		-85.98	 
22079487		-86.14	 	22079487		-86.25	 
22079820		-86.38	 	22079820		-86.37	 
22080153		-86.26	 	22080153		-86.01	 
22080486		-85.63	 	22080486		-85.73	 
22080819		-84.59	 	22080819		-85.63	 
22081152		-84.03	 	22081152		-85.69	 
22081485		-84.28	 	22081485		-85.71	 
22081818		-84.61	 	22081818		-85.6	 
22082151		-84.94	 	22082151		-85.12	 
22082484		-85.18	 	22082484		-84.61	 
22082817		-85.49	 	22082817		-84.41	 
22083150		-85.67	 	22083150		-84.6	 
22083483		-85.52	 	22083483		-84.7	 
22083816		-85.22	 	22083816		-84.69	 
22084149		-84.96	 	22084149		-84.96	 
22084482		-84.7	 	22084482		-85.05	 
22084815		-84.66	 	22084815		-84.93	 
22085148		-84.95	 	22085148		-85.04	 
22085481		-85.19	 	22085481		-85.12	 
22085814		-85.25	 	22085814		-85.18	 
22086147		-85.38	 	22086147		-85.5	 
22086480		-85.41	 	22086480		-85.5	 
22086813		-85.44	 	22086813		-85.33	 
22087146		-85.72	 	22087146		-85.31	 
22087479		-85.59	 	22087479		-85.37	 
22087812		-85.2	 	22087812		-85.41	 
22088145		-84.97	 	22088145		-85.35	 
22088478		-84.98	 	22088478		-85.08	 
22088811		-85.16	 	22088811		-84.87	 
22089144		-85.12	 	22089144		-85.15	 
22089477		-85.05	 	22089477		-85.3	 
22089810		-84.95	 	22089810		-85.06	 
22090143		-85.07	 	22090143		-84.77	 
22090476		-85.36	 	22090476		-84.71	 
22090809		-85.45	 	22090809		-85.17	 
22091142		-85.25	 	22091142		-85.64	 
22091475		-85.46	 	22091475		-85.77	 
22091808		-85.79	 	22091808		-85.63	 
22092141		-85.77	 	22092141		-85.45	 
22092474		-85.81	 	22092474		-85.28	 
22092807		-85.72	 	22092807		-85.21	 
22093140		-85.48	 	22093140		-85.24	 
22093473		-85.06	 	22093473		-85.28	 
22093806		-84.86	 	22093806		-85.41	 
22094139		-85.06	 	22094139		-85.76	 
22094472		-85.32	 	22094472		-85.58	 
22094805		-85.42	 	22094805		-85.33	 
22095138		-85.69	 	22095138		-85.35	 
22095471		-85.69	 	22095471		-85.24	 
22095804		-85.28	 	22095804		-85.09	 
22096137		-85.11	 	22096137		-85.25	 
22096470		-85.12	 	22096470		-85.6	 
22096803		-85.1	 	22096803		-85.48	 
22097136		-85.14	 	22097136		-85.34	 
22097469		-85.2	 	22097469		-85.34	 
22097802		-85.16	 	22097802		-85.13	 
22098135		-85.06	 	22098135		-84.73	 
22098468		-85.04	 	22098468		-84.63	 
22098801		-85.29	 	22098801		-84.94	 
22099134		-85.4	 	22099134		-85.3	 
22099467		-85.25	 	22099467		-85.31	 
22099800		-85.07	 	22099800		-85.26	 
